function Hd = filter_object
%FILTER_OBJECT Returns a discrete-time filter object.

% MATLAB Code
% Generated by MATLAB(R) 23.2 and DSP System Toolbox 23.2.
% Generated on: 24-Apr-2024 02:38:23

% Numerator coefficient vector
Numerator = [0.0098852 -0.011302 0.0029234 0.0027138 -0.0035614 ...
    -0.0061873 -0.0031945 0.00073606 0.0014313 -0.0004277 ...
    -0.0015179 -0.00053424 0.00059223 -0.00014625 -0.0018716 ...
    -0.0019288 0.00041705 0.002682 0.0020889 -0.00087207 ...
    -0.0029037 -0.0018835 0.00065991 0.0017118 0.00062341 ...
    -0.00041612 0.00021705 0.0011679 0.00015259 -0.002308 ...
    -0.0029635 -0.00010714 0.0035731 0.0038335 0.00015499 ...
    -0.0034 -0.0031307 -9.1544e-05 0.0017118 0.00077017 ...
    -0.00031577 0.00085766 0.0025182 0.0010662 -0.0032283 ...
    -0.0053839 -0.0018297 0.0043328 0.006366 0.0020332 ...
    -0.0036181 -0.0045889 -0.001164 0.0013443 0.00031902 ...
    -0.00085951 0.0015167 0.0049495 0.003434 -0.0037075 ...
    -0.0089599 -0.0053466 0.0042687 0.009625 0.0052561 ...
    -0.0030374 -0.006005 -0.002416 0.00070031 -0.00099964 ...
    -0.0027729 0.0015909 0.0088051 0.0084675 -0.0027447 ...
    -0.014013 -0.011968 0.0024253 0.013817 0.01069 -0.0011764 ...
    -0.0073235 -0.0036008 0.00015132 -0.0037149 -0.0078983 ...
    -0.00039757 0.015293 0.019776 0.0020284 -0.022411 ...
    -0.02637 -0.0038584 0.020947 0.022264 0.0035953 ...
    -0.0093479 -0.0044467 0.0012363 -0.010605 -0.026129 ...
    -0.01204 0.034209 0.064166 0.028143 -0.055348 -0.10124 ...
    -0.04649 0.06855 0.12822 0.06234 -0.070782 0.86191 ...
    -0.070782 0.06234 0.12822 0.06855 -0.04649 -0.10124 ...
    -0.055348 0.028143 0.064166 0.034209 -0.01204 -0.026129 ...
    -0.010605 0.0012363 -0.0044467 -0.0093479 0.0035953 ...
    0.022264 0.020947 -0.0038584 -0.02637 -0.022411 0.0020284 ...
    0.019776 0.015293 -0.00039757 -0.0078983 -0.0037149 ...
    0.00015132 -0.0036008 -0.0073235 -0.0011764 0.01069 ...
    0.013817 0.0024253 -0.011968 -0.014013 -0.0027447 ...
    0.0084675 0.0088051 0.0015909 -0.0027729 -0.00099964 ...
    0.00070031 -0.002416 -0.006005 -0.0030374 0.0052561 ...
    0.009625 0.0042687 -0.0053466 -0.0089599 -0.0037075 ...
    0.003434 0.0049495 0.0015167 -0.00085951 0.00031902 ...
    0.0013443 -0.001164 -0.0045889 -0.0036181 0.0020332 ...
    0.006366 0.0043328 -0.0018297 -0.0053839 -0.0032283 ...
    0.0010662 0.0025182 0.00085766 -0.00031577 0.00077017 ...
    0.0017118 -9.1544e-05 -0.0031307 -0.0034 0.00015499 ...
    0.0038335 0.0035731 -0.00010714 -0.0029635 -0.002308 ...
    0.00015259 0.0011679 0.00021705 -0.00041612 0.00062341 ...
    0.0017118 0.00065991 -0.0018835 -0.0029037 -0.00087207 ...
    0.0020889 0.002682 0.00041705 -0.0019288 -0.0018716 ...
    -0.00014625 0.00059223 -0.00053424 -0.0015179 -0.0004277 ...
    0.0014313 0.00073606 -0.0031945 -0.0061873 -0.0035614 ...
    0.0027138 0.0029234 -0.011302 0.0098852];

Hd = dsp.FIRFilter( ...
    'Numerator', Numerator);

% [EOF]
